1237665531723841893
241.64846
15.789089

-
-
-

-
-
-

-
240.02494
17.01858

1237665549438156938
241.94483
16.0638

1237665440998359378
241.56146
16.7538

1237665533333733476
240.675568248719
17.7112609484679

-
-
18.74393

1237665429182349418
240.764065671127
18.3858870587127

1237665441534771226
240.741978535154
17.7536975051029

1237665531723907152
241.831355185917
15.8499279727422

1237665531724038357
242.1517341258
15.5859200345083

1237665531187232913
242.15228172518
15.3077606027427

1237665548365070366
242.835323399538
14.5741607792652

1237665566081089622
239.79522350502
14.8428469753517

1237665373335322753
244.211500756804
18.1942468529657

1237665128031191079
245.059349171688
18.9908365367628

1237665374409850903
246.177137282561
18.0768464152914

1237665231060271222
246.805826032111
18.0201802364665

1237665534935040130
248.256667687227
14.8677502568408

1237668573615947842
249.125814444583
14.7525991744668

1237662661612273883
251.315383597499
17.4796103247506

1237662665892626659
253.21985564131
18.8135844565079

?
242.03576
15.17465
ada datanya di temp

1237665548364873968
242.431583523498
14.7752222152741

1237665566619468087
243.302845478079
14.1855069447101

1237667782859686015
244.100058300366
12.1885581932325

1237668311093543021
242.218323508523
11.2628544208864

1237668270841725051
241.69705122088
10.3458814154438

1237668349758013493
241.232813047822
10.0527717724458

1237668270842576920
9.73205083738982
243.496563725237

1237668310020718647
243.930247350352
9.80299675878001

1237668350833197179
244.722162681531
9.97486128641254

1237668350833262762
244.929959425961
10.0263559366987

1237668271380300227
245.55189332084
9.52619765237831

1237668349223174255
245.744600919926
8.45021201332738

1237662637451247831
244.782104620527
8.03713807106603

1237668348149105022
244.730974408517
7.73223356697631

1237668333648281634
242.624475513367
10.7886619245376

1237668349219766578
238.074788840273
10.3497481534337

1237668331498832160
237.893302070247
10.3140265446622

1237668332034982251
236.350207994136
11.0462036372952

1237668349755850766
236.332127623897
11.2618956833846

1237668332034851048
235.926889657683
11.0878497007356

1237668348681388152
234.591135028185
10.7506396959407

1237668349755326481
235.135252737564
11.5181658245371

1237668310015868930
232.993603482931
12.839359364096

1237668310015803422
232.925203646954
12.9108569119329

1237668270837399655
12.8911130138327
231.87979260369

1237668332569362473
12.8311033475813
230.707131180205

1237668349753229331
12.6462093127596
230.383247069025

1237668332032163901
12.5540527487301
229.89928188018

1237668349752836174
229.552220871364
12.8440294250959

1237665532797387174
16.754194743739
241.560425677925

1237671691226710209
19.2999308130735
241.744606386008

1237665536542376020
19.5712147313204
242.005643705573

1237665101686112295
20.1178035217822
242.172013360713

1237665231595110538
20.5998493724227
242.665717837051

1237664888536629254
22.4543268059219
243.966566211514

1237662225164075264
23.2874359849139
244.234320696171

1237662225700749393
23.8736187055109
244.149219232905

1237665357226115165
25.044753302337
243.878591053312

1237662619189575783
26.8958354179414
242.964090488906

1237662581071872011
27.700145182907
242.748612496198

1237662619726118945
27.8042112587244
242.645825858237

1237662512346038508
27.9803573769544
242.738360170991

1237662620262924337
28.1718180716679
242.706202059346

1237662641731731802
28.5499380988977
242.47150042138

1237661852026929489
242.316005910334
29.2936403953222

1237661464378605678
30.6409544214167
241.765622386738

1237662336791216238
33.2457016486364
238.425659635651

1237662502683213840
34.0328158984919
238.53486034274

1237662337864695997
34.249300076326
238.359423663877

1237662473155182593
34.3873096471772
238.353463110346

1237661464913248298
34.1295995177854
237.22006131153

1237662337327300619
34.7033274209853
236.919955264807

1237662472617525383
35.0984489810198
236.369303934674

1237661465449529406
236.192768272955
35.2146418332148











